blockDim: (1024, 1, 1)
gridDim: (4, 1, 1)
Elapsed time: 0.141792 ms
0 87 87
1 69 69
2 83 83
3 77 77
4 81 81
5 80 80
6 96 96
7 70 70
8 71 71
9 77 77
10 76 76
11 72 72
12 82 82
13 72 72
14 72 72
15 86 86
16 65 65
17 79 79
18 67 67
19 91 91
20 82 82
21 81 81
22 74 74
23 88 88
24 81 81
25 68 68
26 77 77
27 80 80
28 72 72
29 84 84
30 86 86
31 85 85
32 81 81
33 84 84
34 84 84
35 73 73
36 65 65
37 67 67
38 81 81
39 74 74
40 80 80
41 76 76
42 90 90
43 85 85
44 77 77
45 66 66
46 90 90
47 104 104
48 96 96
49 67 67
50 64 64
51 77 77
52 80 80
53 81 81
54 68 68
55 85 85
56 65 65
57 79 79
58 85 85
59 67 67
60 91 91
61 81 81
62 77 77
63 85 85
64 85 85
65 81 81
66 62 62
67 71 71
68 89 89
69 69 69
70 73 73
71 86 86
72 67 67
73 87 87
74 70 70
75 68 68
76 89 89
77 87 87
78 93 93
79 83 83
80 77 77
81 86 86
82 81 81
83 82 82
84 75 75
85 74 74
86 78 78
87 86 86
88 71 71
89 81 81
90 88 88
91 68 68
92 86 86
93 71 71
94 72 72
95 83 83
96 93 93
97 77 77
98 77 77
99 76 76
100 74 74
101 79 79
102 82 82
103 96 96
104 87 87
105 76 76
106 70 70
107 77 77
108 75 75
109 90 90
110 72 72
111 79 79
112 88 88
113 85 85
114 74 74
115 93 93
116 82 82
117 64 64
118 80 80
119 72 72
120 70 70
121 84 84
122 72 72
123 69 69
124 73 73
125 78 78
126 93 93
127 76 76
128 76 76
129 62 62
130 71 71
131 72 72
132 77 77
133 93 93
134 79 79
135 83 83
136 85 85
137 87 87
138 81 81
139 81 81
140 79 79
141 76 76
142 64 64
143 70 70
144 80 80
145 69 69
146 67 67
147 67 67
148 73 73
149 79 79
150 88 88
151 84 84
152 60 60
153 75 75
154 77 77
155 69 69
156 74 74
157 84 84
158 84 84
159 92 92
160 82 82
161 86 86
162 105 105
163 90 90
164 68 68
165 73 73
166 77 77
167 64 64
168 89 89
169 65 65
170 79 79
171 105 105
172 76 76
173 68 68
174 86 86
175 73 73
176 81 81
177 86 86
178 77 77
179 89 89
180 75 75
181 75 75
182 85 85
183 84 84
184 85 85
185 89 89
186 83 83
187 73 73
188 92 92
189 72 72
190 93 93
191 83 83
192 69 69
193 65 65
194 70 70
195 64 64
196 76 76
197 88 88
198 72 72
199 94 94
200 67 67
201 69 69
202 72 72
203 83 83
204 68 68
205 65 65
206 76 76
207 72 72
208 75 75
209 82 82
210 77 77
211 67 67
212 69 69
213 79 79
214 63 63
215 79 79
216 84 84
217 77 77
218 91 91
219 63 63
220 85 85
221 74 74
222 69 69
223 71 71
224 76 76
225 73 73
226 83 83
227 75 75
228 86 86
229 93 93
230 76 76
231 73 73
232 77 77
233 70 70
234 75 75
235 63 63
236 76 76
237 73 73
238 84 84
239 88 88
240 86 86
241 84 84
242 79 79
243 71 71
244 79 79
245 89 89
246 75 75
247 81 81
248 76 76
249 62 62
250 78 78
251 75 75
252 74 74
253 75 75
254 83 83
255 63 63
